101 180   
16 0 0

-1.687500 0.000000 -1.687500 -1.687500 -0.000000 -1.312500 
82.432100 0.000000 0.000000 
0.000000 1.000000 
-1.687500 0.000000 -1.687500 -1.312500 0.000000 -1.687500 
82.432100 0.000000 0.000000 
0.000000 10.000000 
-1.312500 0.000000 -1.687500 -1.312500 -0.000000 -1.312500 
82.432100 0.000000 0.000000 
10.000000 11.000000 
-1.312500 0.000000 -1.687500 -0.937500 0.000000 -1.687500 
82.432100 0.000000 0.000000 
10.000000 20.000000 
-0.937500 0.000000 -1.687500 -0.937500 0.000000 -1.312500 
82.432100 0.000000 0.000000 
20.000000 21.000000 
-0.937500 0.000000 -1.687500 -0.562500 -0.000000 -1.687500 
82.432100 0.000000 0.000000 
20.000000 30.000000 
-0.562500 -0.000000 -1.687500 -0.562500 -0.000000 -1.312500 
82.432100 0.000000 0.000000 
30.000000 31.000000 
-0.562500 -0.000000 -1.687500 -0.187500 0.000000 -1.687500 
82.432100 0.000000 0.000000 
30.000000 40.000000 
-0.187500 0.000000 -1.687500 -0.187500 -0.000000 -1.312500 
82.432100 0.000000 0.000000 
40.000000 41.000000 
-0.187500 0.000000 -1.687500 0.187500 0.000000 -1.687500 
82.432100 0.000000 0.000000 
40.000000 50.000000 
0.187500 0.000000 -1.687500 0.187500 -0.000000 -1.312500 
82.432100 0.000000 0.000000 
50.000000 51.000000 
0.187500 0.000000 -1.687500 0.562500 -0.000000 -1.687500 
82.432100 0.000000 0.000000 
50.000000 60.000000 
0.562500 -0.000000 -1.687500 0.562500 -0.000000 -1.312500 
82.432100 0.000000 0.000000 
60.000000 61.000000 
0.562500 -0.000000 -1.687500 0.937500 -0.000000 -1.687500 
82.432100 0.000000 0.000000 
60.000000 70.000000 
0.937500 -0.000000 -1.687500 0.937500 0.000000 -1.312500 
82.432100 0.000000 0.000000 
70.000000 71.000000 
0.937500 -0.000000 -1.687500 1.312500 -0.000000 -1.687500 
82.432100 0.000000 0.000000 
70.000000 80.000000 
1.312500 -0.000000 -1.687500 1.312500 -0.000000 -1.312500 
82.432100 0.000000 0.000000 
80.000000 81.000000 
1.312500 -0.000000 -1.687500 1.687500 -0.000000 -1.687500 
82.432100 0.000000 0.000000 
80.000000 90.000000 
-1.687500 -0.000000 -1.312500 -1.687500 0.000000 -0.937500 
82.432100 0.000000 0.000000 
1.000000 2.000000 
-1.687500 -0.000000 -1.312500 -1.312500 -0.000000 -1.312500 
82.432100 0.000000 0.000000 
1.000000 11.000000 
-1.312500 -0.000000 -1.312500 -1.312500 -0.000000 -0.937500 
82.432100 0.000000 0.000000 
11.000000 12.000000 
-1.312500 -0.000000 -1.312500 -0.937500 0.000000 -1.312500 
82.432100 0.000000 0.000000 
11.000000 21.000000 
-0.937500 0.000000 -1.312500 -0.937500 0.000000 -0.937500 
82.432100 0.000000 0.000000 
21.000000 22.000000 
-0.937500 0.000000 -1.312500 -0.562500 -0.000000 -1.312500 
82.432100 0.000000 0.000000 
21.000000 31.000000 
-0.562500 -0.000000 -1.312500 -0.562500 0.000000 -0.937500 
82.432100 0.000000 0.000000 
31.000000 32.000000 
-0.562500 -0.000000 -1.312500 -0.187500 -0.000000 -1.312500 
82.432100 0.000000 0.000000 
31.000000 41.000000 
-0.187500 -0.000000 -1.312500 -0.187500 -0.000000 -0.937500 
82.432100 0.000000 0.000000 
41.000000 42.000000 
-0.187500 -0.000000 -1.312500 0.187500 -0.000000 -1.312500 
82.432100 0.000000 0.000000 
41.000000 51.000000 
0.187500 -0.000000 -1.312500 0.187500 -0.000000 -0.937500 
82.432100 0.000000 0.000000 
51.000000 52.000000 
0.187500 -0.000000 -1.312500 0.562500 -0.000000 -1.312500 
82.432100 0.000000 0.000000 
51.000000 61.000000 
0.562500 -0.000000 -1.312500 0.562500 -0.000000 -0.937500 
82.432100 0.000000 0.000000 
61.000000 62.000000 
0.562500 -0.000000 -1.312500 0.937500 0.000000 -1.312500 
82.432100 0.000000 0.000000 
61.000000 71.000000 
0.937500 0.000000 -1.312500 0.937500 0.000000 -0.937500 
82.432100 0.000000 0.000000 
71.000000 72.000000 
0.937500 0.000000 -1.312500 1.312500 -0.000000 -1.312500 
82.432100 0.000000 0.000000 
71.000000 81.000000 
1.312500 -0.000000 -1.312500 1.312500 -0.000000 -0.937500 
82.432100 0.000000 0.000000 
81.000000 82.000000 
1.312500 -0.000000 -1.312500 1.687500 0.000000 -1.312500 
82.432100 0.000000 0.000000 
81.000000 91.000000 
-1.687500 0.000000 -0.937500 -1.687500 -0.000000 -0.562500 
82.432100 0.000000 0.000000 
2.000000 3.000000 
-1.687500 0.000000 -0.937500 -1.312500 -0.000000 -0.937500 
82.432100 0.000000 0.000000 
2.000000 12.000000 
-1.312500 -0.000000 -0.937500 -1.312500 -0.000000 -0.562500 
82.432100 0.000000 0.000000 
12.000000 13.000000 
-1.312500 -0.000000 -0.937500 -0.937500 0.000000 -0.937500 
82.432100 0.000000 0.000000 
12.000000 22.000000 
-0.937500 0.000000 -0.937500 -0.937500 0.000000 -0.562500 
82.432100 0.000000 0.000000 
22.000000 23.000000 
-0.937500 0.000000 -0.937500 -0.562500 0.000000 -0.937500 
82.432100 0.000000 0.000000 
22.000000 32.000000 
-0.562500 0.000000 -0.937500 -0.562500 0.000000 -0.562500 
82.432100 0.000000 0.000000 
32.000000 33.000000 
-0.562500 0.000000 -0.937500 -0.187500 -0.000000 -0.937500 
82.432100 0.000000 0.000000 
32.000000 42.000000 
-0.187500 -0.000000 -0.937500 -0.187500 -0.000000 -0.562500 
82.432100 0.000000 0.000000 
42.000000 43.000000 
-0.187500 -0.000000 -0.937500 0.187500 -0.000000 -0.937500 
82.432100 0.000000 0.000000 
42.000000 52.000000 
0.187500 -0.000000 -0.937500 0.187500 0.000000 -0.562500 
82.432100 0.000000 0.000000 
52.000000 53.000000 
0.187500 -0.000000 -0.937500 0.562500 -0.000000 -0.937500 
82.432100 0.000000 0.000000 
52.000000 62.000000 
0.562500 -0.000000 -0.937500 0.562500 0.000000 -0.562500 
82.432100 0.000000 0.000000 
62.000000 63.000000 
0.562500 -0.000000 -0.937500 0.937500 0.000000 -0.937500 
82.432100 0.000000 0.000000 
62.000000 72.000000 
0.937500 0.000000 -0.937500 0.937500 0.000000 -0.562500 
82.432100 0.000000 0.000000 
72.000000 73.000000 
0.937500 0.000000 -0.937500 1.312500 -0.000000 -0.937500 
82.432100 0.000000 0.000000 
72.000000 82.000000 
1.312500 -0.000000 -0.937500 1.312500 0.000000 -0.562500 
82.432100 0.000000 0.000000 
82.000000 83.000000 
1.312500 -0.000000 -0.937500 1.687500 0.000000 -0.937500 
82.432100 0.000000 0.000000 
82.000000 92.000000 
-1.687500 -0.000000 -0.562500 -1.687500 0.000000 -0.187500 
82.432100 0.000000 0.000000 
3.000000 4.000000 
-1.687500 -0.000000 -0.562500 -1.312500 -0.000000 -0.562500 
82.432100 0.000000 0.000000 
3.000000 13.000000 
-1.312500 -0.000000 -0.562500 -1.312500 -0.000000 -0.187500 
82.432100 0.000000 0.000000 
13.000000 14.000000 
-1.312500 -0.000000 -0.562500 -0.937500 0.000000 -0.562500 
82.432100 0.000000 0.000000 
13.000000 23.000000 
-0.937500 0.000000 -0.562500 -0.937500 0.000000 -0.187500 
82.432100 0.000000 0.000000 
23.000000 24.000000 
-0.937500 0.000000 -0.562500 -0.562500 0.000000 -0.562500 
82.432100 0.000000 0.000000 
23.000000 33.000000 
-0.562500 0.000000 -0.562500 -0.562500 0.000000 -0.187500 
82.432100 0.000000 0.000000 
33.000000 34.000000 
-0.562500 0.000000 -0.562500 -0.187500 -0.000000 -0.562500 
82.432100 0.000000 0.000000 
33.000000 43.000000 
-0.187500 -0.000000 -0.562500 -0.187500 -0.000000 -0.187500 
82.432100 0.000000 0.000000 
43.000000 44.000000 
-0.187500 -0.000000 -0.562500 0.187500 0.000000 -0.562500 
82.432100 0.000000 0.000000 
43.000000 53.000000 
0.187500 0.000000 -0.562500 0.187500 -0.000000 -0.187500 
82.432100 0.000000 0.000000 
53.000000 54.000000 
0.187500 0.000000 -0.562500 0.562500 0.000000 -0.562500 
82.432100 0.000000 0.000000 
53.000000 63.000000 
0.562500 0.000000 -0.562500 0.562500 0.000000 -0.187500 
82.432100 0.000000 0.000000 
63.000000 64.000000 
0.562500 0.000000 -0.562500 0.937500 0.000000 -0.562500 
82.432100 0.000000 0.000000 
63.000000 73.000000 
0.937500 0.000000 -0.562500 0.937500 0.000000 -0.187500 
82.432100 0.000000 0.000000 
73.000000 74.000000 
0.937500 0.000000 -0.562500 1.312500 0.000000 -0.562500 
82.432100 0.000000 0.000000 
73.000000 83.000000 
1.312500 0.000000 -0.562500 1.312500 -0.000000 -0.187500 
82.432100 0.000000 0.000000 
83.000000 84.000000 
1.312500 0.000000 -0.562500 1.687500 0.000000 -0.562500 
82.432100 0.000000 0.000000 
83.000000 93.000000 
-1.687500 0.000000 -0.187500 -1.687500 0.000000 0.187500 
82.432100 0.000000 0.000000 
4.000000 5.000000 
-1.687500 0.000000 -0.187500 -1.312500 -0.000000 -0.187500 
82.432100 0.000000 0.000000 
4.000000 14.000000 
-1.312500 -0.000000 -0.187500 -1.312500 0.000000 0.187500 
82.432100 0.000000 0.000000 
14.000000 15.000000 
-1.312500 -0.000000 -0.187500 -0.937500 0.000000 -0.187500 
82.432100 0.000000 0.000000 
14.000000 24.000000 
-0.937500 0.000000 -0.187500 -0.937500 -0.000000 0.187500 
82.432100 0.000000 0.000000 
24.000000 25.000000 
-0.937500 0.000000 -0.187500 -0.562500 0.000000 -0.187500 
82.432100 0.000000 0.000000 
24.000000 34.000000 
-0.562500 0.000000 -0.187500 -0.562500 0.000000 0.187500 
82.432100 0.000000 0.000000 
34.000000 35.000000 
-0.562500 0.000000 -0.187500 -0.187500 -0.000000 -0.187500 
82.432100 0.000000 0.000000 
34.000000 44.000000 
-0.187500 -0.000000 -0.187500 -0.187500 0.000000 0.187500 
82.432100 0.000000 0.000000 
44.000000 45.000000 
-0.187500 -0.000000 -0.187500 0.187500 -0.000000 -0.187500 
82.432100 0.000000 0.000000 
44.000000 54.000000 
0.187500 -0.000000 -0.187500 0.187500 0.000000 0.187500 
82.432100 0.000000 0.000000 
54.000000 55.000000 
0.187500 -0.000000 -0.187500 0.562500 0.000000 -0.187500 
82.432100 0.000000 0.000000 
54.000000 64.000000 
0.562500 0.000000 -0.187500 0.562500 -0.000000 0.187500 
82.432100 0.000000 0.000000 
64.000000 65.000000 
0.562500 0.000000 -0.187500 0.937500 0.000000 -0.187500 
82.432100 0.000000 0.000000 
64.000000 74.000000 
0.937500 0.000000 -0.187500 0.937500 -0.000000 0.187500 
82.432100 0.000000 0.000000 
74.000000 75.000000 
0.937500 0.000000 -0.187500 1.312500 -0.000000 -0.187500 
82.432100 0.000000 0.000000 
74.000000 84.000000 
1.312500 -0.000000 -0.187500 1.312500 0.000000 0.187500 
82.432100 0.000000 0.000000 
84.000000 85.000000 
1.312500 -0.000000 -0.187500 1.687500 0.000000 -0.187500 
82.432100 0.000000 0.000000 
84.000000 94.000000 
-1.687500 0.000000 0.187500 -1.687500 -0.000000 0.562500 
82.432100 0.000000 0.000000 
5.000000 6.000000 
-1.687500 0.000000 0.187500 -1.312500 0.000000 0.187500 
82.432100 0.000000 0.000000 
5.000000 15.000000 
-1.312500 0.000000 0.187500 -1.312500 0.000000 0.562500 
82.432100 0.000000 0.000000 
15.000000 16.000000 
-1.312500 0.000000 0.187500 -0.937500 -0.000000 0.187500 
82.432100 0.000000 0.000000 
15.000000 25.000000 
-0.937500 -0.000000 0.187500 -0.937500 0.000000 0.562500 
82.432100 0.000000 0.000000 
25.000000 26.000000 
-0.937500 -0.000000 0.187500 -0.562500 0.000000 0.187500 
82.432100 0.000000 0.000000 
25.000000 35.000000 
-0.562500 0.000000 0.187500 -0.562500 -0.000000 0.562500 
82.432100 0.000000 0.000000 
35.000000 36.000000 
-0.562500 0.000000 0.187500 -0.187500 0.000000 0.187500 
82.432100 0.000000 0.000000 
35.000000 45.000000 
-0.187500 0.000000 0.187500 -0.187500 0.000000 0.562500 
82.432100 0.000000 0.000000 
45.000000 46.000000 
-0.187500 0.000000 0.187500 0.187500 0.000000 0.187500 
82.432100 0.000000 0.000000 
45.000000 55.000000 
0.187500 0.000000 0.187500 0.187500 0.000000 0.562500 
82.432100 0.000000 0.000000 
55.000000 56.000000 
0.187500 0.000000 0.187500 0.562500 -0.000000 0.187500 
82.432100 0.000000 0.000000 
55.000000 65.000000 
0.562500 -0.000000 0.187500 0.562500 -0.000000 0.562500 
82.432100 0.000000 0.000000 
65.000000 66.000000 
0.562500 -0.000000 0.187500 0.937500 -0.000000 0.187500 
82.432100 0.000000 0.000000 
65.000000 75.000000 
0.937500 -0.000000 0.187500 0.937500 0.000000 0.562500 
82.432100 0.000000 0.000000 
75.000000 76.000000 
0.937500 -0.000000 0.187500 1.312500 0.000000 0.187500 
82.432100 0.000000 0.000000 
75.000000 85.000000 
1.312500 0.000000 0.187500 1.312500 -0.000000 0.562500 
82.432100 0.000000 0.000000 
85.000000 86.000000 
1.312500 0.000000 0.187500 1.687500 0.000000 0.187500 
82.432100 0.000000 0.000000 
85.000000 95.000000 
-1.687500 -0.000000 0.562500 -1.687500 -0.000000 0.937500 
82.432100 0.000000 0.000000 
6.000000 7.000000 
-1.687500 -0.000000 0.562500 -1.312500 0.000000 0.562500 
82.432100 0.000000 0.000000 
6.000000 16.000000 
-1.312500 0.000000 0.562500 -1.312500 0.000000 0.937500 
82.432100 0.000000 0.000000 
16.000000 17.000000 
-1.312500 0.000000 0.562500 -0.937500 0.000000 0.562500 
82.432100 0.000000 0.000000 
16.000000 26.000000 
-0.937500 0.000000 0.562500 -0.937500 -0.000000 0.937500 
82.432100 0.000000 0.000000 
26.000000 27.000000 
-0.937500 0.000000 0.562500 -0.562500 -0.000000 0.562500 
82.432100 0.000000 0.000000 
26.000000 36.000000 
-0.562500 -0.000000 0.562500 -0.562500 0.000000 0.937500 
82.432100 0.000000 0.000000 
36.000000 37.000000 
-0.562500 -0.000000 0.562500 -0.187500 0.000000 0.562500 
82.432100 0.000000 0.000000 
36.000000 46.000000 
-0.187500 0.000000 0.562500 -0.187500 0.000000 0.937500 
82.432100 0.000000 0.000000 
46.000000 47.000000 
-0.187500 0.000000 0.562500 0.187500 0.000000 0.562500 
82.432100 0.000000 0.000000 
46.000000 56.000000 
0.187500 0.000000 0.562500 0.187500 0.000000 0.937500 
82.432100 0.000000 0.000000 
56.000000 57.000000 
0.187500 0.000000 0.562500 0.562500 -0.000000 0.562500 
82.432100 0.000000 0.000000 
56.000000 66.000000 
0.562500 -0.000000 0.562500 0.562500 0.000000 0.937500 
82.432100 0.000000 0.000000 
66.000000 67.000000 
0.562500 -0.000000 0.562500 0.937500 0.000000 0.562500 
82.432100 0.000000 0.000000 
66.000000 76.000000 
0.937500 0.000000 0.562500 0.937500 -0.000000 0.937500 
82.432100 0.000000 0.000000 
76.000000 77.000000 
0.937500 0.000000 0.562500 1.312500 -0.000000 0.562500 
82.432100 0.000000 0.000000 
76.000000 86.000000 
1.312500 -0.000000 0.562500 1.312500 0.000000 0.937500 
82.432100 0.000000 0.000000 
86.000000 87.000000 
1.312500 -0.000000 0.562500 1.687500 -0.000000 0.562500 
82.432100 0.000000 0.000000 
86.000000 96.000000 
-1.687500 -0.000000 0.937500 -1.687500 0.000000 1.312500 
82.432100 0.000000 0.000000 
7.000000 8.000000 
-1.687500 -0.000000 0.937500 -1.312500 0.000000 0.937500 
82.432100 0.000000 0.000000 
7.000000 17.000000 
-1.312500 0.000000 0.937500 -1.312500 0.000000 1.312500 
82.432100 0.000000 0.000000 
17.000000 18.000000 
-1.312500 0.000000 0.937500 -0.937500 -0.000000 0.937500 
82.432100 0.000000 0.000000 
17.000000 27.000000 
-0.937500 -0.000000 0.937500 -0.937500 0.000000 1.312500 
82.432100 0.000000 0.000000 
27.000000 28.000000 
-0.937500 -0.000000 0.937500 -0.562500 0.000000 0.937500 
82.432100 0.000000 0.000000 
27.000000 37.000000 
-0.562500 0.000000 0.937500 -0.562500 0.000000 1.312500 
82.432100 0.000000 0.000000 
37.000000 38.000000 
-0.562500 0.000000 0.937500 -0.187500 0.000000 0.937500 
82.432100 0.000000 0.000000 
37.000000 47.000000 
-0.187500 0.000000 0.937500 -0.187500 -0.000000 1.312500 
82.432100 0.000000 0.000000 
47.000000 48.000000 
-0.187500 0.000000 0.937500 0.187500 0.000000 0.937500 
82.432100 0.000000 0.000000 
47.000000 57.000000 
0.187500 0.000000 0.937500 0.187500 -0.000000 1.312500 
82.432100 0.000000 0.000000 
57.000000 58.000000 
0.187500 0.000000 0.937500 0.562500 0.000000 0.937500 
82.432100 0.000000 0.000000 
57.000000 67.000000 
0.562500 0.000000 0.937500 0.562500 0.000000 1.312500 
82.432100 0.000000 0.000000 
67.000000 68.000000 
0.562500 0.000000 0.937500 0.937500 -0.000000 0.937500 
82.432100 0.000000 0.000000 
67.000000 77.000000 
0.937500 -0.000000 0.937500 0.937500 -0.000000 1.312500 
82.432100 0.000000 0.000000 
77.000000 78.000000 
0.937500 -0.000000 0.937500 1.312500 0.000000 0.937500 
82.432100 0.000000 0.000000 
77.000000 87.000000 
1.312500 0.000000 0.937500 1.312500 0.000000 1.312500 
82.432100 0.000000 0.000000 
87.000000 88.000000 
1.312500 0.000000 0.937500 1.687500 -0.000000 0.937500 
82.432100 0.000000 0.000000 
87.000000 97.000000 
-1.687500 0.000000 1.312500 -1.687500 0.000000 1.687500 
82.432100 0.000000 0.000000 
8.000000 9.000000 
-1.687500 0.000000 1.312500 -1.312500 0.000000 1.312500 
82.432100 0.000000 0.000000 
8.000000 18.000000 
-1.312500 0.000000 1.312500 -1.312500 -0.000000 1.687500 
82.432100 0.000000 0.000000 
18.000000 19.000000 
-1.312500 0.000000 1.312500 -0.937500 0.000000 1.312500 
82.432100 0.000000 0.000000 
18.000000 28.000000 
-0.937500 0.000000 1.312500 -0.937500 -0.000000 1.687500 
82.432100 0.000000 0.000000 
28.000000 29.000000 
-0.937500 0.000000 1.312500 -0.562500 0.000000 1.312500 
82.432100 0.000000 0.000000 
28.000000 38.000000 
-0.562500 0.000000 1.312500 -0.562500 0.000000 1.687500 
82.432100 0.000000 0.000000 
38.000000 39.000000 
-0.562500 0.000000 1.312500 -0.187500 -0.000000 1.312500 
82.432100 0.000000 0.000000 
38.000000 48.000000 
-0.187500 -0.000000 1.312500 -0.187500 -0.000000 1.687500 
82.432100 0.000000 0.000000 
48.000000 49.000000 
-0.187500 -0.000000 1.312500 0.187500 -0.000000 1.312500 
82.432100 0.000000 0.000000 
48.000000 58.000000 
0.187500 -0.000000 1.312500 0.187500 0.000000 1.687500 
82.432100 0.000000 0.000000 
58.000000 59.000000 
0.187500 -0.000000 1.312500 0.562500 0.000000 1.312500 
82.432100 0.000000 0.000000 
58.000000 68.000000 
0.562500 0.000000 1.312500 0.562500 0.000000 1.687500 
82.432100 0.000000 0.000000 
68.000000 69.000000 
0.562500 0.000000 1.312500 0.937500 -0.000000 1.312500 
82.432100 0.000000 0.000000 
68.000000 78.000000 
0.937500 -0.000000 1.312500 0.937500 -0.000000 1.687500 
82.432100 0.000000 0.000000 
78.000000 79.000000 
0.937500 -0.000000 1.312500 1.312500 0.000000 1.312500 
82.432100 0.000000 0.000000 
78.000000 88.000000 
1.312500 0.000000 1.312500 1.312500 0.000000 1.687500 
82.432100 0.000000 0.000000 
88.000000 89.000000 
1.312500 0.000000 1.312500 1.687500 -0.000000 1.312500 
82.432100 0.000000 0.000000 
88.000000 98.000000 
1.687500 -0.000000 -1.687500 1.687500 0.000000 -1.312500 
82.432100 0.000000 0.000000 
90.000000 91.000000 
-1.687500 0.000000 1.687500 -1.312500 -0.000000 1.687500 
82.432100 0.000000 0.000000 
9.000000 19.000000 
1.687500 0.000000 -1.312500 1.687500 0.000000 -0.937500 
82.432100 0.000000 0.000000 
91.000000 92.000000 
-1.312500 -0.000000 1.687500 -0.937500 -0.000000 1.687500 
82.432100 0.000000 0.000000 
19.000000 29.000000 
1.687500 0.000000 -0.937500 1.687500 0.000000 -0.562500 
82.432100 0.000000 0.000000 
92.000000 93.000000 
-0.937500 -0.000000 1.687500 -0.562500 0.000000 1.687500 
82.432100 0.000000 0.000000 
29.000000 39.000000 
1.687500 0.000000 -0.562500 1.687500 0.000000 -0.187500 
82.432100 0.000000 0.000000 
93.000000 94.000000 
-0.562500 0.000000 1.687500 -0.187500 -0.000000 1.687500 
82.432100 0.000000 0.000000 
39.000000 49.000000 
1.687500 0.000000 -0.187500 1.687500 0.000000 0.187500 
82.432100 0.000000 0.000000 
94.000000 95.000000 
-0.187500 -0.000000 1.687500 0.187500 0.000000 1.687500 
82.432100 0.000000 0.000000 
49.000000 59.000000 
1.687500 0.000000 0.187500 1.687500 -0.000000 0.562500 
82.432100 0.000000 0.000000 
95.000000 96.000000 
0.187500 0.000000 1.687500 0.562500 0.000000 1.687500 
82.432100 0.000000 0.000000 
59.000000 69.000000 
1.687500 -0.000000 0.562500 1.687500 -0.000000 0.937500 
82.432100 0.000000 0.000000 
96.000000 97.000000 
0.562500 0.000000 1.687500 0.937500 -0.000000 1.687500 
82.432100 0.000000 0.000000 
69.000000 79.000000 
1.687500 -0.000000 0.937500 1.687500 -0.000000 1.312500 
82.432100 0.000000 0.000000 
97.000000 98.000000 
0.937500 -0.000000 1.687500 1.312500 0.000000 1.687500 
82.432100 0.000000 0.000000 
79.000000 89.000000 
1.687500 -0.000000 1.312500 1.687500 -0.000000 1.687500 
82.432100 0.000000 0.000000 
98.000000 99.000000 
1.312500 0.000000 1.687500 1.687500 -0.000000 1.687500 
82.432100 0.000000 0.000000 
89.000000 99.000000 

0 -842150451
8 -842150451
16 -842150451
24 -842150451
32 -842150451
40 -842150451
48 -842150451
56 -842150451
64 -842150451
72 -842150451
80 -842150451
88 -842150451
96 -842150451
104 -842150451
112 -842150451
120 -842150451
128 -842150451
136 -842150451
144 -842150451
152 -842150451
160 -842150451
168 -842150451
176 -842150451
184 -842150451
192 -842150451
200 -842150451
208 -842150451
216 -842150451
224 -842150451
232 -842150451
240 -842150451
248 -842150451
256 -842150451
264 -842150451
272 -842150451
280 -842150451
288 -842150451
296 -842150451
304 -842150451
312 -842150451
320 -842150451
328 -842150451
336 -842150451
344 -842150451
352 -842150451
360 -842150451
368 -842150451
376 -842150451
384 -842150451
392 -842150451
400 -842150451
408 -842150451
416 -842150451
424 -842150451
432 -842150451
440 -842150451
448 -842150451
456 -842150451
464 -842150451
472 -842150451
480 -842150451
488 -842150451
496 -842150451
504 -842150451
512 -842150451
520 -842150451
528 -842150451
536 -842150451
544 -842150451
552 -842150451
560 -842150451
568 -842150451
576 -842150451
584 -842150451
592 -842150451
600 -842150451
608 -842150451
616 -842150451
624 -842150451
632 -842150451
640 -842150451
648 -842150451
656 -842150451
664 -842150451
672 -842150451
680 -842150451
688 -842150451
696 -842150451
704 -842150451
712 -842150451
720 -842150451
728 -842150451
736 -842150451
744 -842150451
752 -842150451
760 -842150451
768 -842150451
776 -842150451
784 -842150451
792 -842150451
800 -842150451
808 -1
-1.787500 -0.075000 -1.786000
-1.587500 -0.075000 -1.786000
-1.587500 -0.075000 -1.589000
-1.787500 -0.075000 -1.589000
-1.587500 0.075000 -1.786000
-1.787500 0.075000 -1.786000
-1.587500 0.075000 -1.589000
-1.787500 0.075000 -1.589000
-1.725000 -0.037500 -1.350000
-1.725000 -0.037500 -1.275000
-1.725000 0.037500 -1.275000
-1.725000 0.037500 -1.350000
-1.650000 -0.037500 -1.350000
-1.650000 -0.037500 -1.275000
-1.650000 0.037500 -1.350000
-1.650000 0.037500 -1.275000
-1.725000 -0.037500 -0.975000
-1.725000 -0.037500 -0.900000
-1.725000 0.037500 -0.900000
-1.725000 0.037500 -0.975000
-1.650000 -0.037500 -0.975000
-1.650000 -0.037500 -0.900000
-1.650000 0.037500 -0.975000
-1.650000 0.037500 -0.900000
-1.725000 -0.037500 -0.600000
-1.725000 -0.037500 -0.525000
-1.725000 0.037500 -0.525000
-1.725000 0.037500 -0.600000
-1.650000 -0.037500 -0.600000
-1.650000 -0.037500 -0.525000
-1.650000 0.037500 -0.600000
-1.650000 0.037500 -0.525000
-1.725000 -0.037500 -0.225000
-1.725000 -0.037500 -0.150000
-1.725000 0.037500 -0.150000
-1.725000 0.037500 -0.225000
-1.650000 -0.037500 -0.225000
-1.650000 -0.037500 -0.150000
-1.650000 0.037500 -0.225000
-1.650000 0.037500 -0.150000
-1.725000 -0.037500 0.150000
-1.725000 -0.037500 0.225000
-1.725000 0.037500 0.225000
-1.725000 0.037500 0.150000
-1.650000 -0.037500 0.150000
-1.650000 -0.037500 0.225000
-1.650000 0.037500 0.150000
-1.650000 0.037500 0.225000
-1.725000 -0.037500 0.525000
-1.725000 -0.037500 0.600000
-1.725000 0.037500 0.600000
-1.725000 0.037500 0.525000
-1.650000 -0.037500 0.525000
-1.650000 -0.037500 0.600000
-1.650000 0.037500 0.525000
-1.650000 0.037500 0.600000
-1.725000 -0.037500 0.900000
-1.725000 -0.037500 0.975000
-1.725000 0.037500 0.975000
-1.725000 0.037500 0.900000
-1.650000 -0.037500 0.900000
-1.650000 -0.037500 0.975000
-1.650000 0.037500 0.900000
-1.650000 0.037500 0.975000
-1.725000 -0.037500 1.275000
-1.725000 -0.037500 1.350000
-1.725000 0.037500 1.350000
-1.725000 0.037500 1.275000
-1.650000 -0.037500 1.275000
-1.650000 -0.037500 1.350000
-1.650000 0.037500 1.275000
-1.650000 0.037500 1.350000
-1.787500 -0.075000 1.589000
-1.587500 -0.075000 1.589000
-1.587500 -0.075000 1.786000
-1.787500 -0.075000 1.786000
-1.587500 0.075000 1.589000
-1.787500 0.075000 1.589000
-1.587500 0.075000 1.786000
-1.787500 0.075000 1.786000
-1.275000 -0.037500 -1.725000
-1.350000 -0.037500 -1.725000
-1.350000 0.037500 -1.725000
-1.275000 0.037500 -1.725000
-1.275000 -0.037500 -1.650000
-1.350000 -0.037500 -1.650000
-1.275000 0.037500 -1.650000
-1.350000 0.037500 -1.650000
-1.275000 -0.037500 -1.350000
-1.350000 -0.037500 -1.350000
-1.350000 0.037500 -1.350000
-1.275000 0.037500 -1.350000
-1.275000 -0.037500 -1.275000
-1.350000 -0.037500 -1.275000
-1.275000 0.037500 -1.275000
-1.350000 0.037500 -1.275000
-1.275000 -0.037500 -0.975000
-1.350000 -0.037500 -0.975000
-1.350000 0.037500 -0.975000
-1.275000 0.037500 -0.975000
-1.275000 -0.037500 -0.900000
-1.350000 -0.037500 -0.900000
-1.275000 0.037500 -0.900000
-1.350000 0.037500 -0.900000
-1.275000 -0.037500 -0.525000
-1.275000 -0.037500 -0.600000
-1.275000 0.037500 -0.600000
-1.275000 0.037500 -0.525000
-1.350000 -0.037500 -0.525000
-1.350000 -0.037500 -0.600000
-1.350000 0.037500 -0.525000
-1.350000 0.037500 -0.600000
-1.275000 -0.037500 -0.225000
-1.350000 -0.037500 -0.225000
-1.350000 0.037500 -0.225000
-1.275000 0.037500 -0.225000
-1.275000 -0.037500 -0.150000
-1.350000 -0.037500 -0.150000
-1.275000 0.037500 -0.150000
-1.350000 0.037500 -0.150000
-1.275000 -0.037500 0.150000
-1.350000 -0.037500 0.150000
-1.350000 0.037500 0.150000
-1.275000 0.037500 0.150000
-1.275000 -0.037500 0.225000
-1.350000 -0.037500 0.225000
-1.275000 0.037500 0.225000
-1.350000 0.037500 0.225000
-1.275000 -0.037500 0.525000
-1.350000 -0.037500 0.525000
-1.350000 0.037500 0.525000
-1.275000 0.037500 0.525000
-1.275000 -0.037500 0.600000
-1.350000 -0.037500 0.600000
-1.275000 0.037500 0.600000
-1.350000 0.037500 0.600000
-1.275000 -0.037500 0.900000
-1.350000 -0.037500 0.900000
-1.350000 0.037500 0.900000
-1.275000 0.037500 0.900000
-1.275000 -0.037500 0.975000
-1.350000 -0.037500 0.975000
-1.275000 0.037500 0.975000
-1.350000 0.037500 0.975000
-1.275000 -0.037500 1.275000
-1.350000 -0.037500 1.275000
-1.350000 0.037500 1.275000
-1.275000 0.037500 1.275000
-1.275000 -0.037500 1.350000
-1.350000 -0.037500 1.350000
-1.275000 0.037500 1.350000
-1.350000 0.037500 1.350000
-1.350000 -0.037500 1.650000
-1.350000 -0.037500 1.725000
-1.350000 0.037500 1.725000
-1.350000 0.037500 1.650000
-1.275000 -0.037500 1.650000
-1.275000 -0.037500 1.725000
-1.275000 0.037500 1.650000
-1.275000 0.037500 1.725000
-0.900000 -0.037500 -1.725000
-0.900000 -0.037500 -1.650000
-0.975000 -0.037500 -1.650000
-0.975000 -0.037500 -1.725000
-0.900000 0.037500 -1.725000
-0.900000 0.037500 -1.650000
-0.975000 0.037500 -1.725000
-0.975000 0.037500 -1.650000
-0.900000 -0.037500 -1.350000
-0.900000 -0.037500 -1.275000
-0.975000 -0.037500 -1.275000
-0.975000 -0.037500 -1.350000
-0.900000 0.037500 -1.350000
-0.900000 0.037500 -1.275000
-0.975000 0.037500 -1.350000
-0.975000 0.037500 -1.275000
-0.900000 -0.037500 -0.975000
-0.900000 -0.037500 -0.900000
-0.975000 -0.037500 -0.900000
-0.975000 -0.037500 -0.975000
-0.900000 0.037500 -0.975000
-0.900000 0.037500 -0.900000
-0.975000 0.037500 -0.975000
-0.975000 0.037500 -0.900000
-0.900000 -0.037500 -0.600000
-0.975000 -0.037500 -0.600000
-0.975000 0.037500 -0.600000
-0.900000 0.037500 -0.600000
-0.900000 -0.037500 -0.525000
-0.975000 -0.037500 -0.525000
-0.900000 0.037500 -0.525000
-0.975000 0.037500 -0.525000
-0.900000 -0.037500 -0.225000
-0.900000 -0.037500 -0.150000
-0.975000 -0.037500 -0.150000
-0.975000 -0.037500 -0.225000
-0.900000 0.037500 -0.225000
-0.900000 0.037500 -0.150000
-0.975000 0.037500 -0.225000
-0.975000 0.037500 -0.150000
-0.900000 -0.037500 0.150000
-0.900000 -0.037500 0.225000
-0.975000 -0.037500 0.225000
-0.975000 -0.037500 0.150000
-0.900000 0.037500 0.150000
-0.900000 0.037500 0.225000
-0.975000 0.037500 0.150000
-0.975000 0.037500 0.225000
-0.900000 -0.037500 0.525000
-0.900000 -0.037500 0.600000
-0.975000 -0.037500 0.600000
-0.975000 -0.037500 0.525000
-0.900000 0.037500 0.525000
-0.900000 0.037500 0.600000
-0.975000 0.037500 0.525000
-0.975000 0.037500 0.600000
-0.900000 -0.037500 0.900000
-0.900000 -0.037500 0.975000
-0.975000 -0.037500 0.975000
-0.975000 -0.037500 0.900000
-0.900000 0.037500 0.900000
-0.900000 0.037500 0.975000
-0.975000 0.037500 0.900000
-0.975000 0.037500 0.975000
-0.900000 -0.037500 1.275000
-0.900000 -0.037500 1.350000
-0.975000 -0.037500 1.350000
-0.975000 -0.037500 1.275000
-0.900000 0.037500 1.275000
-0.900000 0.037500 1.350000
-0.975000 0.037500 1.275000
-0.975000 0.037500 1.350000
-0.975000 -0.037500 1.650000
-0.975000 -0.037500 1.725000
-0.975000 0.037500 1.725000
-0.975000 0.037500 1.650000
-0.900000 -0.037500 1.650000
-0.900000 -0.037500 1.725000
-0.900000 0.037500 1.650000
-0.900000 0.037500 1.725000
-0.525000 -0.037500 -1.725000
-0.600000 -0.037500 -1.725000
-0.600000 0.037500 -1.725000
-0.525000 0.037500 -1.725000
-0.525000 -0.037500 -1.650000
-0.600000 -0.037500 -1.650000
-0.525000 0.037500 -1.650000
-0.600000 0.037500 -1.650000
-0.525000 -0.037500 -1.350000
-0.600000 -0.037500 -1.350000
-0.600000 0.037500 -1.350000
-0.525000 0.037500 -1.350000
-0.525000 -0.037500 -1.275000
-0.600000 -0.037500 -1.275000
-0.525000 0.037500 -1.275000
-0.600000 0.037500 -1.275000
-0.525000 -0.037500 -0.975000
-0.600000 -0.037500 -0.975000
-0.600000 0.037500 -0.975000
-0.525000 0.037500 -0.975000
-0.525000 -0.037500 -0.900000
-0.600000 -0.037500 -0.900000
-0.525000 0.037500 -0.900000
-0.600000 0.037500 -0.900000
-0.525000 -0.037500 -0.600000
-0.525000 -0.037500 -0.525000
-0.600000 -0.037500 -0.525000
-0.600000 -0.037500 -0.600000
-0.525000 0.037500 -0.600000
-0.525000 0.037500 -0.525000
-0.600000 0.037500 -0.600000
-0.600000 0.037500 -0.525000
-0.525000 -0.037500 -0.225000
-0.600000 -0.037500 -0.225000
-0.600000 0.037500 -0.225000
-0.525000 0.037500 -0.225000
-0.525000 -0.037500 -0.150000
-0.600000 -0.037500 -0.150000
-0.525000 0.037500 -0.150000
-0.600000 0.037500 -0.150000
-0.525000 -0.037500 0.150000
-0.600000 -0.037500 0.150000
-0.600000 0.037500 0.150000
-0.525000 0.037500 0.150000
-0.525000 -0.037500 0.225000
-0.600000 -0.037500 0.225000
-0.525000 0.037500 0.225000
-0.600000 0.037500 0.225000
-0.525000 -0.037500 0.525000
-0.600000 -0.037500 0.525000
-0.600000 0.037500 0.525000
-0.525000 0.037500 0.525000
-0.525000 -0.037500 0.600000
-0.600000 -0.037500 0.600000
-0.525000 0.037500 0.600000
-0.600000 0.037500 0.600000
-0.525000 -0.037500 0.900000
-0.600000 -0.037500 0.900000
-0.600000 0.037500 0.900000
-0.525000 0.037500 0.900000
-0.525000 -0.037500 0.975000
-0.600000 -0.037500 0.975000
-0.525000 0.037500 0.975000
-0.600000 0.037500 0.975000
-0.525000 -0.037500 1.275000
-0.600000 -0.037500 1.275000
-0.600000 0.037500 1.275000
-0.525000 0.037500 1.275000
-0.525000 -0.037500 1.350000
-0.600000 -0.037500 1.350000
-0.525000 0.037500 1.350000
-0.600000 0.037500 1.350000
-0.600000 -0.037500 1.650000
-0.600000 -0.037500 1.725000
-0.600000 0.037500 1.725000
-0.600000 0.037500 1.650000
-0.525000 -0.037500 1.650000
-0.525000 -0.037500 1.725000
-0.525000 0.037500 1.650000
-0.525000 0.037500 1.725000
-0.150000 -0.037500 -1.725000
-0.150000 -0.037500 -1.650000
-0.225000 -0.037500 -1.650000
-0.225000 -0.037500 -1.725000
-0.150000 0.037500 -1.725000
-0.150000 0.037500 -1.650000
-0.225000 0.037500 -1.725000
-0.225000 0.037500 -1.650000
-0.150000 -0.037500 -1.350000
-0.150000 -0.037500 -1.275000
-0.225000 -0.037500 -1.275000
-0.225000 -0.037500 -1.350000
-0.150000 0.037500 -1.350000
-0.150000 0.037500 -1.275000
-0.225000 0.037500 -1.350000
-0.225000 0.037500 -1.275000
-0.150000 -0.037500 -0.975000
-0.150000 -0.037500 -0.900000
-0.225000 -0.037500 -0.900000
-0.225000 -0.037500 -0.975000
-0.150000 0.037500 -0.975000
-0.150000 0.037500 -0.900000
-0.225000 0.037500 -0.975000
-0.225000 0.037500 -0.900000
-0.150000 -0.037500 -0.600000
-0.150000 -0.037500 -0.525000
-0.225000 -0.037500 -0.525000
-0.225000 -0.037500 -0.600000
-0.150000 0.037500 -0.600000
-0.150000 0.037500 -0.525000
-0.225000 0.037500 -0.600000
-0.225000 0.037500 -0.525000
-0.150000 -0.037500 -0.225000
-0.150000 -0.037500 -0.150000
-0.225000 -0.037500 -0.150000
-0.225000 -0.037500 -0.225000
-0.150000 0.037500 -0.225000
-0.150000 0.037500 -0.150000
-0.225000 0.037500 -0.225000
-0.225000 0.037500 -0.150000
-0.150000 -0.037500 0.150000
-0.150000 -0.037500 0.225000
-0.225000 -0.037500 0.225000
-0.225000 -0.037500 0.150000
-0.150000 0.037500 0.150000
-0.150000 0.037500 0.225000
-0.225000 0.037500 0.150000
-0.225000 0.037500 0.225000
-0.150000 -0.037500 0.525000
-0.150000 -0.037500 0.600000
-0.225000 -0.037500 0.600000
-0.225000 -0.037500 0.525000
-0.150000 0.037500 0.525000
-0.150000 0.037500 0.600000
-0.225000 0.037500 0.525000
-0.225000 0.037500 0.600000
-0.150000 -0.037500 0.900000
-0.150000 -0.037500 0.975000
-0.225000 -0.037500 0.975000
-0.225000 -0.037500 0.900000
-0.150000 0.037500 0.900000
-0.150000 0.037500 0.975000
-0.225000 0.037500 0.900000
-0.225000 0.037500 0.975000
-0.150000 -0.037500 1.275000
-0.150000 -0.037500 1.350000
-0.225000 -0.037500 1.350000
-0.225000 -0.037500 1.275000
-0.150000 0.037500 1.275000
-0.150000 0.037500 1.350000
-0.225000 0.037500 1.275000
-0.225000 0.037500 1.350000
-0.150000 -0.037500 1.650000
-0.150000 -0.037500 1.725000
-0.225000 -0.037500 1.725000
-0.225000 -0.037500 1.650000
-0.150000 0.037500 1.650000
-0.150000 0.037500 1.725000
-0.225000 0.037500 1.650000
-0.225000 0.037500 1.725000
0.150000 -0.037500 -1.650000
0.225000 -0.037500 -1.650000
0.225000 0.037500 -1.650000
0.150000 0.037500 -1.650000
0.225000 -0.037500 -1.725000
0.150000 -0.037500 -1.725000
0.225000 0.037500 -1.725000
0.150000 0.037500 -1.725000
0.150000 -0.037500 -1.275000
0.225000 -0.037500 -1.275000
0.225000 0.037500 -1.275000
0.150000 0.037500 -1.275000
0.225000 -0.037500 -1.350000
0.150000 -0.037500 -1.350000
0.225000 0.037500 -1.350000
0.150000 0.037500 -1.350000
0.150000 -0.037500 -0.900000
0.225000 -0.037500 -0.900000
0.225000 0.037500 -0.900000
0.150000 0.037500 -0.900000
0.225000 -0.037500 -0.975000
0.150000 -0.037500 -0.975000
0.225000 0.037500 -0.975000
0.150000 0.037500 -0.975000
0.150000 -0.037500 -0.525000
0.225000 -0.037500 -0.525000
0.225000 0.037500 -0.525000
0.150000 0.037500 -0.525000
0.225000 -0.037500 -0.600000
0.150000 -0.037500 -0.600000
0.225000 0.037500 -0.600000
0.150000 0.037500 -0.600000
0.150000 -0.037500 -0.150000
0.225000 -0.037500 -0.150000
0.225000 0.037500 -0.150000
0.150000 0.037500 -0.150000
0.225000 -0.037500 -0.225000
0.150000 -0.037500 -0.225000
0.225000 0.037500 -0.225000
0.150000 0.037500 -0.225000
0.150000 -0.037500 0.225000
0.225000 -0.037500 0.225000
0.225000 0.037500 0.225000
0.150000 0.037500 0.225000
0.225000 -0.037500 0.150000
0.150000 -0.037500 0.150000
0.225000 0.037500 0.150000
0.150000 0.037500 0.150000
0.150000 -0.037500 0.600000
0.225000 -0.037500 0.600000
0.225000 0.037500 0.600000
0.150000 0.037500 0.600000
0.225000 -0.037500 0.525000
0.150000 -0.037500 0.525000
0.225000 0.037500 0.525000
0.150000 0.037500 0.525000
0.150000 -0.037500 0.975000
0.225000 -0.037500 0.975000
0.225000 0.037500 0.975000
0.150000 0.037500 0.975000
0.225000 -0.037500 0.900000
0.150000 -0.037500 0.900000
0.225000 0.037500 0.900000
0.150000 0.037500 0.900000
0.150000 -0.037500 1.350000
0.225000 -0.037500 1.350000
0.225000 0.037500 1.350000
0.150000 0.037500 1.350000
0.225000 -0.037500 1.275000
0.150000 -0.037500 1.275000
0.225000 0.037500 1.275000
0.150000 0.037500 1.275000
0.150000 -0.037500 1.725000
0.225000 -0.037500 1.725000
0.225000 0.037500 1.725000
0.150000 0.037500 1.725000
0.225000 -0.037500 1.650000
0.150000 -0.037500 1.650000
0.225000 0.037500 1.650000
0.150000 0.037500 1.650000
0.525000 -0.037500 -1.725000
0.525000 -0.037500 -1.650000
0.525000 0.037500 -1.650000
0.525000 0.037500 -1.725000
0.600000 -0.037500 -1.725000
0.600000 -0.037500 -1.650000
0.600000 0.037500 -1.725000
0.600000 0.037500 -1.650000
0.525000 -0.037500 -1.350000
0.525000 -0.037500 -1.275000
0.525000 0.037500 -1.275000
0.525000 0.037500 -1.350000
0.600000 -0.037500 -1.350000
0.600000 -0.037500 -1.275000
0.600000 0.037500 -1.350000
0.600000 0.037500 -1.275000
0.525000 -0.037500 -0.975000
0.525000 -0.037500 -0.900000
0.525000 0.037500 -0.900000
0.525000 0.037500 -0.975000
0.600000 -0.037500 -0.975000
0.600000 -0.037500 -0.900000
0.600000 0.037500 -0.975000
0.600000 0.037500 -0.900000
0.525000 -0.037500 -0.600000
0.525000 -0.037500 -0.525000
0.525000 0.037500 -0.525000
0.525000 0.037500 -0.600000
0.600000 -0.037500 -0.600000
0.600000 -0.037500 -0.525000
0.600000 0.037500 -0.600000
0.600000 0.037500 -0.525000
0.600000 -0.037500 -0.150000
0.600000 -0.037500 -0.225000
0.600000 0.037500 -0.225000
0.600000 0.037500 -0.150000
0.525000 -0.037500 -0.150000
0.525000 -0.037500 -0.225000
0.525000 0.037500 -0.150000
0.525000 0.037500 -0.225000
0.525000 -0.037500 0.150000
0.525000 -0.037500 0.225000
0.525000 0.037500 0.225000
0.525000 0.037500 0.150000
0.600000 -0.037500 0.150000
0.600000 -0.037500 0.225000
0.600000 0.037500 0.150000
0.600000 0.037500 0.225000
0.525000 -0.037500 0.525000
0.525000 -0.037500 0.600000
0.525000 0.037500 0.600000
0.525000 0.037500 0.525000
0.600000 -0.037500 0.525000
0.600000 -0.037500 0.600000
0.600000 0.037500 0.525000
0.600000 0.037500 0.600000
0.525000 -0.037500 0.900000
0.525000 -0.037500 0.975000
0.525000 0.037500 0.975000
0.525000 0.037500 0.900000
0.600000 -0.037500 0.900000
0.600000 -0.037500 0.975000
0.600000 0.037500 0.900000
0.600000 0.037500 0.975000
0.525000 -0.037500 1.275000
0.525000 -0.037500 1.350000
0.525000 0.037500 1.350000
0.525000 0.037500 1.275000
0.600000 -0.037500 1.275000
0.600000 -0.037500 1.350000
0.600000 0.037500 1.275000
0.600000 0.037500 1.350000
0.600000 -0.037500 1.725000
0.600000 -0.037500 1.650000
0.600000 0.037500 1.650000
0.600000 0.037500 1.725000
0.525000 -0.037500 1.725000
0.525000 -0.037500 1.650000
0.525000 0.037500 1.725000
0.525000 0.037500 1.650000
0.900000 -0.037500 -1.725000
0.900000 -0.037500 -1.650000
0.900000 0.037500 -1.650000
0.900000 0.037500 -1.725000
0.975000 -0.037500 -1.725000
0.975000 -0.037500 -1.650000
0.975000 0.037500 -1.725000
0.975000 0.037500 -1.650000
0.900000 -0.037500 -1.350000
0.900000 -0.037500 -1.275000
0.900000 0.037500 -1.275000
0.900000 0.037500 -1.350000
0.975000 -0.037500 -1.350000
0.975000 -0.037500 -1.275000
0.975000 0.037500 -1.350000
0.975000 0.037500 -1.275000
0.900000 -0.037500 -0.975000
0.900000 -0.037500 -0.900000
0.900000 0.037500 -0.900000
0.900000 0.037500 -0.975000
0.975000 -0.037500 -0.975000
0.975000 -0.037500 -0.900000
0.975000 0.037500 -0.975000
0.975000 0.037500 -0.900000
0.975000 -0.037500 -0.600000
0.900000 -0.037500 -0.600000
0.900000 0.037500 -0.600000
0.975000 0.037500 -0.600000
0.975000 -0.037500 -0.525000
0.900000 -0.037500 -0.525000
0.975000 0.037500 -0.525000
0.900000 0.037500 -0.525000
0.975000 -0.037500 -0.225000
0.900000 -0.037500 -0.225000
0.900000 0.037500 -0.225000
0.975000 0.037500 -0.225000
0.975000 -0.037500 -0.150000
0.900000 -0.037500 -0.150000
0.975000 0.037500 -0.150000
0.900000 0.037500 -0.150000
0.900000 -0.037500 0.150000
0.900000 -0.037500 0.225000
0.900000 0.037500 0.225000
0.900000 0.037500 0.150000
0.975000 -0.037500 0.150000
0.975000 -0.037500 0.225000
0.975000 0.037500 0.150000
0.975000 0.037500 0.225000
0.900000 -0.037500 0.525000
0.900000 -0.037500 0.600000
0.900000 0.037500 0.600000
0.900000 0.037500 0.525000
0.975000 -0.037500 0.525000
0.975000 -0.037500 0.600000
0.975000 0.037500 0.525000
0.975000 0.037500 0.600000
0.900000 -0.037500 0.900000
0.900000 -0.037500 0.975000
0.900000 0.037500 0.975000
0.900000 0.037500 0.900000
0.975000 -0.037500 0.900000
0.975000 -0.037500 0.975000
0.975000 0.037500 0.900000
0.975000 0.037500 0.975000
0.900000 -0.037500 1.350000
0.975000 -0.037500 1.350000
0.975000 0.037500 1.350000
0.900000 0.037500 1.350000
0.975000 -0.037500 1.275000
0.900000 -0.037500 1.275000
0.975000 0.037500 1.275000
0.900000 0.037500 1.275000
0.975000 -0.037500 1.650000
0.975000 -0.037500 1.725000
0.900000 -0.037500 1.725000
0.900000 -0.037500 1.650000
0.975000 0.037500 1.650000
0.975000 0.037500 1.725000
0.900000 0.037500 1.650000
0.900000 0.037500 1.725000
1.275000 -0.037500 -1.725000
1.275000 -0.037500 -1.650000
1.275000 0.037500 -1.650000
1.275000 0.037500 -1.725000
1.350000 -0.037500 -1.725000
1.350000 -0.037500 -1.650000
1.350000 0.037500 -1.725000
1.350000 0.037500 -1.650000
1.275000 -0.037500 -1.350000
1.275000 -0.037500 -1.275000
1.275000 0.037500 -1.275000
1.275000 0.037500 -1.350000
1.350000 -0.037500 -1.350000
1.350000 -0.037500 -1.275000
1.350000 0.037500 -1.350000
1.350000 0.037500 -1.275000
1.275000 -0.037500 -0.975000
1.275000 -0.037500 -0.900000
1.275000 0.037500 -0.900000
1.275000 0.037500 -0.975000
1.350000 -0.037500 -0.975000
1.350000 -0.037500 -0.900000
1.350000 0.037500 -0.975000
1.350000 0.037500 -0.900000
1.275000 -0.037500 -0.600000
1.275000 -0.037500 -0.525000
1.275000 0.037500 -0.525000
1.275000 0.037500 -0.600000
1.350000 -0.037500 -0.600000
1.350000 -0.037500 -0.525000
1.350000 0.037500 -0.600000
1.350000 0.037500 -0.525000
1.275000 -0.037500 -0.225000
1.275000 -0.037500 -0.150000
1.275000 0.037500 -0.150000
1.275000 0.037500 -0.225000
1.350000 -0.037500 -0.225000
1.350000 -0.037500 -0.150000
1.350000 0.037500 -0.225000
1.350000 0.037500 -0.150000
1.275000 -0.037500 0.150000
1.275000 -0.037500 0.225000
1.275000 0.037500 0.225000
1.275000 0.037500 0.150000
1.350000 -0.037500 0.150000
1.350000 -0.037500 0.225000
1.350000 0.037500 0.150000
1.350000 0.037500 0.225000
1.275000 -0.037500 0.525000
1.275000 -0.037500 0.600000
1.275000 0.037500 0.600000
1.275000 0.037500 0.525000
1.350000 -0.037500 0.525000
1.350000 -0.037500 0.600000
1.350000 0.037500 0.525000
1.350000 0.037500 0.600000
1.275000 -0.037500 0.900000
1.275000 -0.037500 0.975000
1.275000 0.037500 0.975000
1.275000 0.037500 0.900000
1.350000 -0.037500 0.900000
1.350000 -0.037500 0.975000
1.350000 0.037500 0.900000
1.350000 0.037500 0.975000
1.275000 -0.037500 1.275000
1.275000 -0.037500 1.350000
1.275000 0.037500 1.350000
1.275000 0.037500 1.275000
1.350000 -0.037500 1.275000
1.350000 -0.037500 1.350000
1.350000 0.037500 1.275000
1.350000 0.037500 1.350000
1.275000 -0.037500 1.650000
1.275000 -0.037500 1.725000
1.275000 0.037500 1.725000
1.275000 0.037500 1.650000
1.350000 -0.037500 1.650000
1.350000 -0.037500 1.725000
1.350000 0.037500 1.650000
1.350000 0.037500 1.725000
1.587500 -0.075000 -1.786000
1.787500 -0.075000 -1.786000
1.787500 -0.075000 -1.589000
1.587500 -0.075000 -1.589000
1.587500 0.075000 -1.786000
1.787500 0.075000 -1.786000
1.587500 0.075000 -1.589000
1.787500 0.075000 -1.589000
1.650000 -0.037500 -1.350000
1.650000 -0.037500 -1.275000
1.650000 0.037500 -1.275000
1.650000 0.037500 -1.350000
1.725000 -0.037500 -1.350000
1.725000 -0.037500 -1.275000
1.725000 0.037500 -1.350000
1.725000 0.037500 -1.275000
1.650000 -0.037500 -0.975000
1.650000 -0.037500 -0.900000
1.650000 0.037500 -0.900000
1.650000 0.037500 -0.975000
1.725000 -0.037500 -0.975000
1.725000 -0.037500 -0.900000
1.725000 0.037500 -0.975000
1.725000 0.037500 -0.900000
1.650000 -0.037500 -0.525000
1.725000 -0.037500 -0.525000
1.725000 0.037500 -0.525000
1.650000 0.037500 -0.525000
1.725000 -0.037500 -0.600000
1.650000 -0.037500 -0.600000
1.725000 0.037500 -0.600000
1.650000 0.037500 -0.600000
1.725000 -0.037500 -0.150000
1.725000 -0.037500 -0.225000
1.725000 0.037500 -0.225000
1.725000 0.037500 -0.150000
1.650000 -0.037500 -0.150000
1.650000 -0.037500 -0.225000
1.650000 0.037500 -0.150000
1.650000 0.037500 -0.225000
1.650000 -0.037500 0.150000
1.650000 -0.037500 0.225000
1.650000 0.037500 0.225000
1.650000 0.037500 0.150000
1.725000 -0.037500 0.150000
1.725000 -0.037500 0.225000
1.725000 0.037500 0.150000
1.725000 0.037500 0.225000
1.650000 -0.037500 0.525000
1.650000 -0.037500 0.600000
1.650000 0.037500 0.600000
1.650000 0.037500 0.525000
1.725000 -0.037500 0.525000
1.725000 -0.037500 0.600000
1.725000 0.037500 0.525000
1.725000 0.037500 0.600000
1.650000 -0.037500 0.900000
1.650000 -0.037500 0.975000
1.650000 0.037500 0.975000
1.650000 0.037500 0.900000
1.725000 -0.037500 0.900000
1.725000 -0.037500 0.975000
1.725000 0.037500 0.900000
1.725000 0.037500 0.975000
1.650000 -0.037500 1.350000
1.725000 -0.037500 1.350000
1.725000 0.037500 1.350000
1.650000 0.037500 1.350000
1.725000 -0.037500 1.275000
1.650000 -0.037500 1.275000
1.725000 0.037500 1.275000
1.650000 0.037500 1.275000
1.587500 -0.075000 1.589000
1.787500 -0.075000 1.589000
1.787500 -0.075000 1.786000
1.587500 -0.075000 1.786000
1.587500 0.075000 1.589000
1.787500 0.075000 1.589000
1.587500 0.075000 1.786000
1.787500 0.075000 1.786000
-0.510000 0.413000 0.326000
-0.510000 0.413000 -0.406000
0.413000 0.413000 -0.406000
0.413000 0.413000 0.326000
-0.510000 0.967000 0.326000
-0.510000 0.967000 -0.406000
0.413000 0.967000 0.326000
0.413000 0.967000 -0.406000

0
6
12
18
24
30
36
42
48
54
60
66
72
78
84
90
96
102
108
114
120
126
132
138
144
150
156
162
168
174
180
186
192
198
204
210
216
222
228
234
240
246
252
258
264
270
276
282
288
294
300
306
312
318
324
330
336
342
348
354
360
366
372
378
384
390
396
402
408
414
420
426
432
438
444
450
456
462
468
474
480
486
492
498
504
510
516
522
528
534
540
546
552
558
564
570
576
582
588
594
600
606
0 1 100
4 1 100
8 1 100
12 1 100
16 1 100
20 1 100
24 1 100
28 1 100
32 1 100
36 1 100
40 1 100
44 1 100
48 1 100
52 1 100
56 1 100
60 1 100
64 1 100
68 1 100
72 1 100
76 1 100
80 1 100
84 1 100
88 1 100
92 1 100
96 1 100
100 1 100
104 1 100
108 1 100
112 1 100
116 1 100
120 1 100
124 1 100
128 1 100
132 1 100
136 1 100
140 1 100
144 1 100
148 1 100
152 1 100
156 1 100
160 1 100
164 1 100
168 1 100
172 1 100
176 1 100
180 1 100
184 1 100
188 1 100
192 1 100
196 1 100
200 1 100
204 1 100
208 1 100
212 1 100
216 1 100
220 1 100
224 1 100
228 1 100
232 1 100
236 1 100
240 1 100
244 1 100
248 1 100
252 1 100
256 1 100
260 1 100
264 1 100
268 1 100
272 1 100
276 1 100
280 1 100
284 1 100
288 1 100
292 1 100
296 1 100
300 1 100
304 1 100
308 1 100
312 1 100
316 1 100
320 1 100
324 1 100
328 1 100
332 1 100
336 1 100
340 1 100
344 1 100
348 1 100
352 1 100
356 1 100
360 1 100
364 1 100
368 1 100
372 1 100
376 1 100
380 1 100
384 1 100
388 1 100
392 1 100
396 1 100
400 1 100
404 1 100
408 1 100
412 1 100
416 1 100
420 1 100
424 1 100
428 1 100
432 1 100
436 1 100
440 1 100
444 1 100
448 1 100
452 1 100
456 1 100
460 1 100
464 1 100
468 1 100
472 1 100
476 1 100
480 1 100
484 1 100
488 1 100
492 1 100
496 1 100
500 1 100
504 1 100
508 1 100
512 1 100
516 1 100
520 1 100
524 1 100
528 1 100
532 1 100
536 1 100
540 1 100
544 1 100
548 1 100
552 1 100
556 1 100
560 1 100
564 1 100
568 1 100
572 1 100
576 1 100
580 1 100
584 1 100
588 1 100
592 1 100
596 1 100
600 1 100
604 1 100
608 1 100
612 1 100
616 1 100
620 1 100
624 1 100
628 1 100
632 1 100
636 1 100
640 1 100
644 1 100
648 1 100
652 1 100
656 1 100
660 1 100
664 1 100
668 1 100
672 1 100
676 1 100
680 1 100
684 1 100
688 1 100
692 1 100
696 1 100
700 1 100
704 1 100
708 1 100
712 1 100
716 1 100
720 1 100
724 1 100
728 1 100
732 1 100
736 1 100
740 1 100
744 1 100
748 1 100
752 1 100
756 1 100
760 1 100
764 1 100
768 1 100
772 1 100
776 1 100
780 1 100
784 1 100
788 1 100
792 1 100
796 1 100
800 1 100
804 1 100
808 1 100
812 1 100
816 1 100
820 1 100
824 1 100
828 1 100
832 1 100
836 1 100
840 1 100
844 1 100
848 1 100
852 1 100
856 1 100
860 1 100
864 1 100
868 1 100
872 1 100
876 1 100
880 1 100
884 1 100
888 1 100
892 1 100
896 1 100
900 1 100
904 1 100
908 1 100
912 1 100
916 1 100
920 1 100
924 1 100
928 1 100
932 1 100
936 1 100
940 1 100
944 1 100
948 1 100
952 1 100
956 1 100
960 1 100
964 1 100
968 1 100
972 1 100
976 1 100
980 1 100
984 1 100
988 1 100
992 1 100
996 1 100
1000 1 100
1004 1 100
1008 1 100
1012 1 100
1016 1 100
1020 1 100
1024 1 100
1028 1 100
1032 1 100
1036 1 100
1040 1 100
1044 1 100
1048 1 100
1052 1 100
1056 1 100
1060 1 100
1064 1 100
1068 1 100
1072 1 100
1076 1 100
1080 1 100
1084 1 100
1088 1 100
1092 1 100
1096 1 100
1100 1 100
1104 1 100
1108 1 100
1112 1 100
1116 1 100
1120 1 100
1124 1 100
1128 1 100
1132 1 100
1136 1 100
1140 1 100
1144 1 100
1148 1 100
1152 1 100
1156 1 100
1160 1 100
1164 1 100
1168 1 100
1172 1 100
1176 1 100
1180 1 100
1184 1 100
1188 1 100
1192 1 100
1196 1 100
1200 1 100
1204 1 100
1208 1 100
1212 1 100
1216 1 100
1220 1 100
1224 1 100
1228 1 100
1232 1 100
1236 1 100
1240 1 100
1244 1 100
1248 1 100
1252 1 100
1256 1 100
1260 1 100
1264 1 100
1268 1 100
1272 1 100
1276 1 100
1280 1 100
1284 1 100
1288 1 100
1292 1 100
1296 1 100
1300 1 100
1304 1 100
1308 1 100
1312 1 100
1316 1 100
1320 1 100
1324 1 100
1328 1 100
1332 1 100
1336 1 100
1340 1 100
1344 1 100
1348 1 100
1352 1 100
1356 1 100
1360 1 100
1364 1 100
1368 1 100
1372 1 100
1376 1 100
1380 1 100
1384 1 100
1388 1 100
1392 1 100
1396 1 100
1400 1 100
1404 1 100
1408 1 100
1412 1 100
1416 1 100
1420 1 100
1424 1 100
1428 1 100
1432 1 100
1436 1 100
1440 1 100
1444 1 100
1448 1 100
1452 1 100
1456 1 100
1460 1 100
1464 1 100
1468 1 100
1472 1 100
1476 1 100
1480 1 100
1484 1 100
1488 1 100
1492 1 100
1496 1 100
1500 1 100
1504 1 100
1508 1 100
1512 1 100
1516 1 100
1520 1 100
1524 1 100
1528 1 100
1532 1 100
1536 1 100
1540 1 100
1544 1 100
1548 1 100
1552 1 100
1556 1 100
1560 1 100
1564 1 100
1568 1 100
1572 1 100
1576 1 100
1580 1 100
1584 1 100
1588 1 100
1592 1 100
1596 1 100
1600 1 100
1604 1 100
1608 1 100
1612 1 100
1616 1 100
1620 1 100
1624 1 100
1628 1 100
1632 1 100
1636 1 100
1640 1 100
1644 1 100
1648 1 100
1652 1 100
1656 1 100
1660 1 100
1664 1 100
1668 1 100
1672 1 100
1676 1 100
1680 1 100
1684 1 100
1688 1 100
1692 1 100
1696 1 100
1700 1 100
1704 1 100
1708 1 100
1712 1 100
1716 1 100
1720 1 100
1724 1 100
1728 1 100
1732 1 100
1736 1 100
1740 1 100
1744 1 100
1748 1 100
1752 1 100
1756 1 100
1760 1 100
1764 1 100
1768 1 100
1772 1 100
1776 1 100
1780 1 100
1784 1 100
1788 1 100
1792 1 100
1796 1 100
1800 1 100
1804 1 100
1808 1 100
1812 1 100
1816 1 100
1820 1 100
1824 1 100
1828 1 100
1832 1 100
1836 1 100
1840 1 100
1844 1 100
1848 1 100
1852 1 100
1856 1 100
1860 1 100
1864 1 100
1868 1 100
1872 1 100
1876 1 100
1880 1 100
1884 1 100
1888 1 100
1892 1 100
1896 1 100
1900 1 100
1904 1 100
1908 1 100
1912 1 100
1916 1 100
1920 1 100
1924 1 100
1928 1 100
1932 1 100
1936 1 100
1940 1 100
1944 1 100
1948 1 100
1952 1 100
1956 1 100
1960 1 100
1964 1 100
1968 1 100
1972 1 100
1976 1 100
1980 1 100
1984 1 100
1988 1 100
1992 1 100
1996 1 100
2000 1 100
2004 1 100
2008 1 100
2012 1 100
2016 1 100
2020 1 100
2024 1 100
2028 1 100
2032 1 100
2036 1 100
2040 1 100
2044 1 100
2048 1 100
2052 1 100
2056 1 100
2060 1 100
2064 1 100
2068 1 100
2072 1 100
2076 1 100
2080 1 100
2084 1 100
2088 1 100
2092 1 100
2096 1 100
2100 1 100
2104 1 100
2108 1 100
2112 1 100
2116 1 100
2120 1 100
2124 1 100
2128 1 100
2132 1 100
2136 1 100
2140 1 100
2144 1 100
2148 1 100
2152 1 100
2156 1 100
2160 1 100
2164 1 100
2168 1 100
2172 1 100
2176 1 100
2180 1 100
2184 1 100
2188 1 100
2192 1 100
2196 1 100
2200 1 100
2204 1 100
2208 1 100
2212 1 100
2216 1 100
2220 1 100
2224 1 100
2228 1 100
2232 1 100
2236 1 100
2240 1 100
2244 1 100
2248 1 100
2252 1 100
2256 1 100
2260 1 100
2264 1 100
2268 1 100
2272 1 100
2276 1 100
2280 1 100
2284 1 100
2288 1 100
2292 1 100
2296 1 100
2300 1 100
2304 1 100
2308 1 100
2312 1 100
2316 1 100
2320 1 100
2324 1 100
2328 1 100
2332 1 100
2336 1 100
2340 1 100
2344 1 100
2348 1 100
2352 1 100
2356 1 100
2360 1 100
2364 1 100
2368 1 100
2372 1 100
2376 1 100
2380 1 100
2384 1 100
2388 1 100
2392 1 100
2396 1 100
2400 1 100
2404 1 100
2408 1 100
2412 1 100
2416 1 100
2420 1 100
2424 -1 -100
0 1
1 2
2 3
3 0
4 1
1 0
0 5
5 4
2 1
1 4
4 6
6 2
4 5
5 7
7 6
6 4
0 3
3 7
7 5
5 0
3 2
2 6
6 7
7 3
8 9
9 10
10 11
11 8
12 13
13 9
9 8
8 12
13 12
12 14
14 15
15 13
12 8
8 11
11 14
14 12
15 14
14 11
11 10
10 15
9 13
13 15
15 10
10 9
16 17
17 18
18 19
19 16
20 21
21 17
17 16
16 20
21 20
20 22
22 23
23 21
20 16
16 19
19 22
22 20
23 22
22 19
19 18
18 23
17 21
21 23
23 18
18 17
24 25
25 26
26 27
27 24
28 29
29 25
25 24
24 28
29 28
28 30
30 31
31 29
28 24
24 27
27 30
30 28
31 30
30 27
27 26
26 31
25 29
29 31
31 26
26 25
32 33
33 34
34 35
35 32
36 37
37 33
33 32
32 36
37 36
36 38
38 39
39 37
36 32
32 35
35 38
38 36
39 38
38 35
35 34
34 39
33 37
37 39
39 34
34 33
40 41
41 42
42 43
43 40
44 45
45 41
41 40
40 44
45 44
44 46
46 47
47 45
44 40
40 43
43 46
46 44
47 46
46 43
43 42
42 47
41 45
45 47
47 42
42 41
48 49
49 50
50 51
51 48
52 53
53 49
49 48
48 52
53 52
52 54
54 55
55 53
52 48
48 51
51 54
54 52
55 54
54 51
51 50
50 55
49 53
53 55
55 50
50 49
56 57
57 58
58 59
59 56
60 61
61 57
57 56
56 60
61 60
60 62
62 63
63 61
60 56
56 59
59 62
62 60
63 62
62 59
59 58
58 63
57 61
61 63
63 58
58 57
64 65
65 66
66 67
67 64
68 69
69 65
65 64
64 68
69 68
68 70
70 71
71 69
68 64
64 67
67 70
70 68
71 70
70 67
67 66
66 71
65 69
69 71
71 66
66 65
72 73
73 74
74 75
75 72
76 73
73 72
72 77
77 76
74 73
73 76
76 78
78 74
76 77
77 79
79 78
78 76
72 75
75 79
79 77
77 72
75 74
74 78
78 79
79 75
80 81
81 82
82 83
83 80
80 84
84 85
85 81
81 80
84 80
80 83
83 86
86 84
86 83
83 82
82 87
87 86
81 85
85 87
87 82
82 81
85 84
84 86
86 87
87 85
88 89
89 90
90 91
91 88
88 92
92 93
93 89
89 88
92 88
88 91
91 94
94 92
94 91
91 90
90 95
95 94
89 93
93 95
95 90
90 89
93 92
92 94
94 95
95 93
96 97
97 98
98 99
99 96
96 100
100 101
101 97
97 96
100 96
96 99
99 102
102 100
102 99
99 98
98 103
103 102
97 101
101 103
103 98
98 97
101 100
100 102
102 103
103 101
104 105
105 106
106 107
107 104
105 104
104 108
108 109
109 105
108 104
104 107
107 110
110 108
107 106
106 111
111 110
110 107
105 109
109 111
111 106
106 105
109 108
108 110
110 111
111 109
112 113
113 114
114 115
115 112
112 116
116 117
117 113
113 112
116 112
112 115
115 118
118 116
118 115
115 114
114 119
119 118
113 117
117 119
119 114
114 113
117 116
116 118
118 119
119 117
120 121
121 122
122 123
123 120
120 124
124 125
125 121
121 120
124 120
120 123
123 126
126 124
126 123
123 122
122 127
127 126
121 125
125 127
127 122
122 121
125 124
124 126
126 127
127 125
128 129
129 130
130 131
131 128
128 132
132 133
133 129
129 128
132 128
128 131
131 134
134 132
134 131
131 130
130 135
135 134
129 133
133 135
135 130
130 129
133 132
132 134
134 135
135 133
136 137
137 138
138 139
139 136
136 140
140 141
141 137
137 136
140 136
136 139
139 142
142 140
142 139
139 138
138 143
143 142
137 141
141 143
143 138
138 137
141 140
140 142
142 143
143 141
144 145
145 146
146 147
147 144
144 148
148 149
149 145
145 144
148 144
144 147
147 150
150 148
150 147
147 146
146 151
151 150
145 149
149 151
151 146
146 145
149 148
148 150
150 151
151 149
152 153
153 154
154 155
155 152
156 157
157 153
153 152
152 156
157 156
156 158
158 159
159 157
156 152
152 155
155 158
158 156
159 158
158 155
155 154
154 159
153 157
157 159
159 154
154 153
160 161
161 162
162 163
163 160
161 160
160 164
164 165
165 161
160 163
163 166
166 164
164 160
163 162
162 167
167 166
166 163
162 161
161 165
165 167
167 162
165 164
164 166
166 167
167 165
168 169
169 170
170 171
171 168
169 168
168 172
172 173
173 169
168 171
171 174
174 172
172 168
171 170
170 175
175 174
174 171
170 169
169 173
173 175
175 170
173 172
172 174
174 175
175 173
176 177
177 178
178 179
179 176
177 176
176 180
180 181
181 177
176 179
179 182
182 180
180 176
179 178
178 183
183 182
182 179
178 177
177 181
181 183
183 178
181 180
180 182
182 183
183 181
184 185
185 186
186 187
187 184
184 188
188 189
189 185
185 184
188 184
184 187
187 190
190 188
190 187
187 186
186 191
191 190
185 189
189 191
191 186
186 185
189 188
188 190
190 191
191 189
192 193
193 194
194 195
195 192
193 192
192 196
196 197
197 193
192 195
195 198
198 196
196 192
195 194
194 199
199 198
198 195
194 193
193 197
197 199
199 194
197 196
196 198
198 199
199 197
200 201
201 202
202 203
203 200
201 200
200 204
204 205
205 201
200 203
203 206
206 204
204 200
203 202
202 207
207 206
206 203
202 201
201 205
205 207
207 202
205 204
204 206
206 207
207 205
208 209
209 210
210 211
211 208
209 208
208 212
212 213
213 209
208 211
211 214
214 212
212 208
211 210
210 215
215 214
214 211
210 209
209 213
213 215
215 210
213 212
212 214
214 215
215 213
216 217
217 218
218 219
219 216
217 216
216 220
220 221
221 217
216 219
219 222
222 220
220 216
219 218
218 223
223 222
222 219
218 217
217 221
221 223
223 218
221 220
220 222
222 223
223 221
224 225
225 226
226 227
227 224
225 224
224 228
228 229
229 225
224 227
227 230
230 228
228 224
227 226
226 231
231 230
230 227
226 225
225 229
229 231
231 226
229 228
228 230
230 231
231 229
232 233
233 234
234 235
235 232
236 237
237 233
233 232
232 236
237 236
236 238
238 239
239 237
236 232
232 235
235 238
238 236
239 238
238 235
235 234
234 239
233 237
237 239
239 234
234 233
240 241
241 242
242 243
243 240
240 244
244 245
245 241
241 240
244 240
240 243
243 246
246 244
246 243
243 242
242 247
247 246
241 245
245 247
247 242
242 241
245 244
244 246
246 247
247 245
248 249
249 250
250 251
251 248
248 252
252 253
253 249
249 248
252 248
248 251
251 254
254 252
254 251
251 250
250 255
255 254
249 253
253 255
255 250
250 249
253 252
252 254
254 255
255 253
256 257
257 258
258 259
259 256
256 260
260 261
261 257
257 256
260 256
256 259
259 262
262 260
262 259
259 258
258 263
263 262
257 261
261 263
263 258
258 257
261 260
260 262
262 263
263 261
264 265
265 266
266 267
267 264
265 264
264 268
268 269
269 265
264 267
267 270
270 268
268 264
267 266
266 271
271 270
270 267
266 265
265 269
269 271
271 266
269 268
268 270
270 271
271 269
272 273
273 274
274 275
275 272
272 276
276 277
277 273
273 272
276 272
272 275
275 278
278 276
278 275
275 274
274 279
279 278
273 277
277 279
279 274
274 273
277 276
276 278
278 279
279 277
280 281
281 282
282 283
283 280
280 284
284 285
285 281
281 280
284 280
280 283
283 286
286 284
286 283
283 282
282 287
287 286
281 285
285 287
287 282
282 281
285 284
284 286
286 287
287 285
288 289
289 290
290 291
291 288
288 292
292 293
293 289
289 288
292 288
288 291
291 294
294 292
294 291
291 290
290 295
295 294
289 293
293 295
295 290
290 289
293 292
292 294
294 295
295 293
296 297
297 298
298 299
299 296
296 300
300 301
301 297
297 296
300 296
296 299
299 302
302 300
302 299
299 298
298 303
303 302
297 301
301 303
303 298
298 297
301 300
300 302
302 303
303 301
304 305
305 306
306 307
307 304
304 308
308 309
309 305
305 304
308 304
304 307
307 310
310 308
310 307
307 306
306 311
311 310
305 309
309 311
311 306
306 305
309 308
308 310
310 311
311 309
312 313
313 314
314 315
315 312
316 317
317 313
313 312
312 316
317 316
316 318
318 319
319 317
316 312
312 315
315 318
318 316
319 318
318 315
315 314
314 319
313 317
317 319
319 314
314 313
320 321
321 322
322 323
323 320
321 320
320 324
324 325
325 321
320 323
323 326
326 324
324 320
323 322
322 327
327 326
326 323
322 321
321 325
325 327
327 322
325 324
324 326
326 327
327 325
328 329
329 330
330 331
331 328
329 328
328 332
332 333
333 329
328 331
331 334
334 332
332 328
331 330
330 335
335 334
334 331
330 329
329 333
333 335
335 330
333 332
332 334
334 335
335 333
336 337
337 338
338 339
339 336
337 336
336 340
340 341
341 337
336 339
339 342
342 340
340 336
339 338
338 343
343 342
342 339
338 337
337 341
341 343
343 338
341 340
340 342
342 343
343 341
344 345
345 346
346 347
347 344
345 344
344 348
348 349
349 345
344 347
347 350
350 348
348 344
347 346
346 351
351 350
350 347
346 345
345 349
349 351
351 346
349 348
348 350
350 351
351 349
352 353
353 354
354 355
355 352
353 352
352 356
356 357
357 353
352 355
355 358
358 356
356 352
355 354
354 359
359 358
358 355
354 353
353 357
357 359
359 354
357 356
356 358
358 359
359 357
360 361
361 362
362 363
363 360
361 360
360 364
364 365
365 361
360 363
363 366
366 364
364 360
363 362
362 367
367 366
366 363
362 361
361 365
365 367
367 362
365 364
364 366
366 367
367 365
368 369
369 370
370 371
371 368
369 368
368 372
372 373
373 369
368 371
371 374
374 372
372 368
371 370
370 375
375 374
374 371
370 369
369 373
373 375
375 370
373 372
372 374
374 375
375 373
376 377
377 378
378 379
379 376
377 376
376 380
380 381
381 377
376 379
379 382
382 380
380 376
379 378
378 383
383 382
382 379
378 377
377 381
381 383
383 378
381 380
380 382
382 383
383 381
384 385
385 386
386 387
387 384
385 384
384 388
388 389
389 385
384 387
387 390
390 388
388 384
387 386
386 391
391 390
390 387
386 385
385 389
389 391
391 386
389 388
388 390
390 391
391 389
392 393
393 394
394 395
395 392
393 392
392 396
396 397
397 393
392 395
395 398
398 396
396 392
395 394
394 399
399 398
398 395
394 393
393 397
397 399
399 394
397 396
396 398
398 399
399 397
400 401
401 402
402 403
403 400
404 401
401 400
400 405
405 404
401 404
404 406
406 402
402 401
404 405
405 407
407 406
406 404
405 400
400 403
403 407
407 405
402 406
406 407
407 403
403 402
408 409
409 410
410 411
411 408
412 409
409 408
408 413
413 412
409 412
412 414
414 410
410 409
412 413
413 415
415 414
414 412
413 408
408 411
411 415
415 413
410 414
414 415
415 411
411 410
416 417
417 418
418 419
419 416
420 417
417 416
416 421
421 420
417 420
420 422
422 418
418 417
420 421
421 423
423 422
422 420
421 416
416 419
419 423
423 421
418 422
422 423
423 419
419 418
424 425
425 426
426 427
427 424
428 425
425 424
424 429
429 428
425 428
428 430
430 426
426 425
428 429
429 431
431 430
430 428
429 424
424 427
427 431
431 429
426 430
430 431
431 427
427 426
432 433
433 434
434 435
435 432
436 433
433 432
432 437
437 436
433 436
436 438
438 434
434 433
436 437
437 439
439 438
438 436
437 432
432 435
435 439
439 437
434 438
438 439
439 435
435 434
440 441
441 442
442 443
443 440
444 441
441 440
440 445
445 444
441 444
444 446
446 442
442 441
444 445
445 447
447 446
446 444
445 440
440 443
443 447
447 445
442 446
446 447
447 443
443 442
448 449
449 450
450 451
451 448
452 449
449 448
448 453
453 452
449 452
452 454
454 450
450 449
452 453
453 455
455 454
454 452
453 448
448 451
451 455
455 453
450 454
454 455
455 451
451 450
456 457
457 458
458 459
459 456
460 457
457 456
456 461
461 460
457 460
460 462
462 458
458 457
460 461
461 463
463 462
462 460
461 456
456 459
459 463
463 461
458 462
462 463
463 459
459 458
464 465
465 466
466 467
467 464
468 465
465 464
464 469
469 468
465 468
468 470
470 466
466 465
468 469
469 471
471 470
470 468
469 464
464 467
467 471
471 469
466 470
470 471
471 467
467 466
472 473
473 474
474 475
475 472
476 473
473 472
472 477
477 476
473 476
476 478
478 474
474 473
476 477
477 479
479 478
478 476
477 472
472 475
475 479
479 477
474 478
478 479
479 475
475 474
480 481
481 482
482 483
483 480
484 485
485 481
481 480
480 484
485 484
484 486
486 487
487 485
484 480
480 483
483 486
486 484
487 486
486 483
483 482
482 487
481 485
485 487
487 482
482 481
488 489
489 490
490 491
491 488
492 493
493 489
489 488
488 492
493 492
492 494
494 495
495 493
492 488
488 491
491 494
494 492
495 494
494 491
491 490
490 495
489 493
493 495
495 490
490 489
496 497
497 498
498 499
499 496
500 501
501 497
497 496
496 500
501 500
500 502
502 503
503 501
500 496
496 499
499 502
502 500
503 502
502 499
499 498
498 503
497 501
501 503
503 498
498 497
504 505
505 506
506 507
507 504
508 509
509 505
505 504
504 508
509 508
508 510
510 511
511 509
508 504
504 507
507 510
510 508
511 510
510 507
507 506
506 511
505 509
509 511
511 506
506 505
512 513
513 514
514 515
515 512
513 512
512 516
516 517
517 513
516 512
512 515
515 518
518 516
515 514
514 519
519 518
518 515
513 517
517 519
519 514
514 513
517 516
516 518
518 519
519 517
520 521
521 522
522 523
523 520
524 525
525 521
521 520
520 524
525 524
524 526
526 527
527 525
524 520
520 523
523 526
526 524
527 526
526 523
523 522
522 527
521 525
525 527
527 522
522 521
528 529
529 530
530 531
531 528
532 533
533 529
529 528
528 532
533 532
532 534
534 535
535 533
532 528
528 531
531 534
534 532
535 534
534 531
531 530
530 535
529 533
533 535
535 530
530 529
536 537
537 538
538 539
539 536
540 541
541 537
537 536
536 540
541 540
540 542
542 543
543 541
540 536
536 539
539 542
542 540
543 542
542 539
539 538
538 543
537 541
541 543
543 538
538 537
544 545
545 546
546 547
547 544
548 549
549 545
545 544
544 548
549 548
548 550
550 551
551 549
548 544
544 547
547 550
550 548
551 550
550 547
547 546
546 551
545 549
549 551
551 546
546 545
552 553
553 554
554 555
555 552
553 552
552 556
556 557
557 553
556 552
552 555
555 558
558 556
555 554
554 559
559 558
558 555
553 557
557 559
559 554
554 553
557 556
556 558
558 559
559 557
560 561
561 562
562 563
563 560
564 565
565 561
561 560
560 564
565 564
564 566
566 567
567 565
564 560
560 563
563 566
566 564
567 566
566 563
563 562
562 567
561 565
565 567
567 562
562 561
568 569
569 570
570 571
571 568
572 573
573 569
569 568
568 572
573 572
572 574
574 575
575 573
572 568
568 571
571 574
574 572
575 574
574 571
571 570
570 575
569 573
573 575
575 570
570 569
576 577
577 578
578 579
579 576
580 581
581 577
577 576
576 580
581 580
580 582
582 583
583 581
580 576
576 579
579 582
582 580
583 582
582 579
579 578
578 583
577 581
581 583
583 578
578 577
584 585
585 586
586 587
587 584
584 588
588 589
589 585
585 584
588 584
584 587
587 590
590 588
590 587
587 586
586 591
591 590
585 589
589 591
591 586
586 585
589 588
588 590
590 591
591 589
592 593
593 594
594 595
595 592
592 596
596 597
597 593
593 592
596 592
592 595
595 598
598 596
598 595
595 594
594 599
599 598
593 597
597 599
599 594
594 593
597 596
596 598
598 599
599 597
600 601
601 602
602 603
603 600
604 605
605 601
601 600
600 604
605 604
604 606
606 607
607 605
604 600
600 603
603 606
606 604
607 606
606 603
603 602
602 607
601 605
605 607
607 602
602 601
608 609
609 610
610 611
611 608
612 613
613 609
609 608
608 612
613 612
612 614
614 615
615 613
612 608
608 611
611 614
614 612
615 614
614 611
611 610
610 615
609 613
613 615
615 610
610 609
616 617
617 618
618 619
619 616
620 621
621 617
617 616
616 620
621 620
620 622
622 623
623 621
620 616
616 619
619 622
622 620
623 622
622 619
619 618
618 623
617 621
621 623
623 618
618 617
624 625
625 626
626 627
627 624
628 625
625 624
624 629
629 628
625 628
628 630
630 626
626 625
628 629
629 631
631 630
630 628
629 624
624 627
627 631
631 629
626 630
630 631
631 627
627 626
632 633
633 634
634 635
635 632
633 632
632 636
636 637
637 633
632 635
635 638
638 636
636 632
635 634
634 639
639 638
638 635
634 633
633 637
637 639
639 634
637 636
636 638
638 639
639 637
640 641
641 642
642 643
643 640
644 645
645 641
641 640
640 644
645 644
644 646
646 647
647 645
644 640
640 643
643 646
646 644
647 646
646 643
643 642
642 647
641 645
645 647
647 642
642 641
648 649
649 650
650 651
651 648
652 653
653 649
649 648
648 652
653 652
652 654
654 655
655 653
652 648
648 651
651 654
654 652
655 654
654 651
651 650
650 655
649 653
653 655
655 650
650 649
656 657
657 658
658 659
659 656
660 661
661 657
657 656
656 660
661 660
660 662
662 663
663 661
660 656
656 659
659 662
662 660
663 662
662 659
659 658
658 663
657 661
661 663
663 658
658 657
664 665
665 666
666 667
667 664
668 669
669 665
665 664
664 668
669 668
668 670
670 671
671 669
668 664
664 667
667 670
670 668
671 670
670 667
667 666
666 671
665 669
669 671
671 666
666 665
672 673
673 674
674 675
675 672
676 677
677 673
673 672
672 676
677 676
676 678
678 679
679 677
676 672
672 675
675 678
678 676
679 678
678 675
675 674
674 679
673 677
677 679
679 674
674 673
680 681
681 682
682 683
683 680
684 685
685 681
681 680
680 684
685 684
684 686
686 687
687 685
684 680
680 683
683 686
686 684
687 686
686 683
683 682
682 687
681 685
685 687
687 682
682 681
688 689
689 690
690 691
691 688
692 693
693 689
689 688
688 692
693 692
692 694
694 695
695 693
692 688
688 691
691 694
694 692
695 694
694 691
691 690
690 695
689 693
693 695
695 690
690 689
696 697
697 698
698 699
699 696
700 701
701 697
697 696
696 700
701 700
700 702
702 703
703 701
700 696
696 699
699 702
702 700
703 702
702 699
699 698
698 703
697 701
701 703
703 698
698 697
704 705
705 706
706 707
707 704
708 709
709 705
705 704
704 708
709 708
708 710
710 711
711 709
708 704
704 707
707 710
710 708
711 710
710 707
707 706
706 711
705 709
709 711
711 706
706 705
712 713
713 714
714 715
715 712
716 717
717 713
713 712
712 716
717 716
716 718
718 719
719 717
716 712
712 715
715 718
718 716
719 718
718 715
715 714
714 719
713 717
717 719
719 714
714 713
720 721
721 722
722 723
723 720
720 724
724 725
725 721
721 720
720 723
723 726
726 724
724 720
723 722
722 727
727 726
726 723
722 721
721 725
725 727
727 722
725 724
724 726
726 727
727 725
728 729
729 730
730 731
731 728
732 733
733 729
729 728
728 732
733 732
732 734
734 735
735 733
732 728
728 731
731 734
734 732
735 734
734 731
731 730
730 735
729 733
733 735
735 730
730 729
736 737
737 738
738 739
739 736
740 741
741 737
737 736
736 740
741 740
740 742
742 743
743 741
740 736
736 739
739 742
742 740
743 742
742 739
739 738
738 743
737 741
741 743
743 738
738 737
744 745
745 746
746 747
747 744
748 745
745 744
744 749
749 748
745 748
748 750
750 746
746 745
748 749
749 751
751 750
750 748
749 744
744 747
747 751
751 749
746 750
750 751
751 747
747 746
752 753
753 754
754 755
755 752
753 752
752 756
756 757
757 753
756 752
752 755
755 758
758 756
755 754
754 759
759 758
758 755
753 757
757 759
759 754
754 753
757 756
756 758
758 759
759 757
760 761
761 762
762 763
763 760
764 765
765 761
761 760
760 764
765 764
764 766
766 767
767 765
764 760
760 763
763 766
766 764
767 766
766 763
763 762
762 767
761 765
765 767
767 762
762 761
768 769
769 770
770 771
771 768
772 773
773 769
769 768
768 772
773 772
772 774
774 775
775 773
772 768
768 771
771 774
774 772
775 774
774 771
771 770
770 775
769 773
773 775
775 770
770 769
776 777
777 778
778 779
779 776
780 781
781 777
777 776
776 780
781 780
780 782
782 783
783 781
780 776
776 779
779 782
782 780
783 782
782 779
779 778
778 783
777 781
781 783
783 778
778 777
784 785
785 786
786 787
787 784
788 785
785 784
784 789
789 788
785 788
788 790
790 786
786 785
788 789
789 791
791 790
790 788
789 784
784 787
787 791
791 789
786 790
790 791
791 787
787 786
792 793
793 794
794 795
795 792
792 796
796 797
797 793
793 792
792 795
795 798
798 796
796 792
795 794
794 799
799 798
798 795
794 793
793 797
797 799
799 794
797 796
796 798
798 799
799 797
800 801
801 802
802 803
803 800
801 800
800 804
804 805
805 801
800 803
803 806
806 804
804 800
803 802
802 807
807 806
806 803
802 801
801 805
805 807
807 802
805 804
804 806
806 807
807 805

1.725000 0.000000 -1.650000 90.000000
1.725000 0.000000 -1.725000 90.000000
1.650000 0.000000 -1.725000 90.000000
1.650000 0.000000 -1.650000 90.000000
-1.725000 0.000000 -1.650000 0.000000
-1.725000 0.000000 -1.725000 0.000000
-1.650000 0.000000 -1.725000 0.000000
-1.650000 0.000000 -1.650000 0.000000
-1.725000 0.000000 1.650000 9.000000
-1.725000 0.000000 1.725000 9.000000
-1.650000 0.000000 1.725000 9.000000
-1.650000 0.000000 1.650000 9.000000
1.725000 0.000000 1.650000 99.000000
1.725000 0.000000 1.725000 99.000000
1.650000 0.000000 1.725000 99.000000
1.650000 0.000000 1.650000 99.000000

400.000000
1.000000
2.660000
8.000000
0.000000
0.000000
5.340000
0.000000
0.000000
0.000000
0.000000
0.000000
-0.409500
0.000000
0.178750
